0.755283,-0.00200137,-0.655395,0,-1.74623e-09,0.999995,-0.00305366,0,0.655398,0.00230638,0.75528,0,-34.2608,-3.63503,40.1025,1|
0.277311,-0.0322745,0.960238,0,-2.23517e-08,0.999436,0.0335919,0,-0.96078,-0.00931542,0.277154,0,-21.9813,-2.14507,-48.0359,1|
0.14176,0.14418,0.979345,0,2.6077e-08,0.989336,-0.145651,0,-0.989901,0.0206475,0.140248,0,-15.1399,-11.0977,-44.6755,1|
