0.999991,0.00049019,-0.00433731,0,1.49652e-07,0.99367,0.112336,0,0.00436492,-0.112335,0.993661,0,-48.4842,-0.137938,-5.59554,1|
0.84828,0.0971842,-0.520554,0,-2.08616e-07,0.983016,0.183523,0,0.529548,-0.155678,0.833872,0,-44.1554,-4.56603,20.2853,1|
0.470242,0.133874,-0.872325,0,1.30385e-07,0.988428,0.151692,0,0.882538,-0.071332,0.4648,0,-27.8678,-6.83366,39.4808,1|
0.0340278,0.133909,-0.990409,0,2.23517e-08,0.990983,0.133986,0,0.999421,-0.00455927,0.033721,0,-7.40184,-7.22165,47.6981,1|
0.478309,0.089509,-0.873618,0,7.07805e-08,0.994792,0.101924,0,0.878192,-0.0487513,0.475818,0,-28.2337,-4.81861,39.5182,1|
0.819652,0.049181,-0.570747,0,9.68575e-08,0.996308,0.0858515,0,0.572862,-0.0703684,0.816626,0,-43.0175,-2.74106,22.8917,1|
0.999507,-0.00325605,0.0312424,0,-9.17353e-08,0.994613,0.103661,0,-0.0314116,-0.103609,0.994122,0,-48.2548,-0.00734556,-7.31573,1|
0.775496,-0.0772159,0.626613,0,-5.96046e-08,0.992493,0.122302,0,-0.631353,-0.094845,0.769674,0,-33.946,3.52789,-34.8894,1|
