-0.929777,-0.0480504,0.364975,0,-1.49012e-08,0.991445,0.130528,0,-0.368124,0.121361,-0.921822,0,20.5027,-1.86326,4.39389,1|
-0.929777,-0.00995804,0.36799,0,3.72529e-09,0.999634,0.0270508,0,-0.368125,0.0251512,-0.929436,0,20.5027,-1.41364,11.352,1|
-0.0780253,-0.00913616,0.99691,0,-4.77303e-09,0.999958,0.0091641,0,-0.996951,0.000715027,-0.078022,0,19.2391,-0.983096,-13.4208,1|
-0.0780253,-0.00913616,0.996909,0,-4.42378e-09,0.999958,0.00916409,0,-0.996951,0.000715027,-0.078022,0,19.2391,-0.983095,-6.72776,1|
0.945376,0.0122291,0.325753,0,1.58325e-08,0.999296,-0.0375148,0,-0.325982,0.0354656,0.944711,0,-1.66964,-1.8059,-18.5285,1|
